[RayGenData]
rbfRadius=0.07908
clampMaxCumulativeValue=1
sigma=1
power=0
particlesPerLeaf=16
ddaDimensions={1,1,1}
visualizeAttributes=1
useDDA=0
showHeatmap=0
disableColorCorrection=0
light.azimuth=0
light.elevation=0
light.ambient=0.5
camera.pos={0.110881,1.24564,0.452858}
camera.dir_00={0.0335489,-0.155106,-1.09207}
camera.dir_du={-0.635,0,0.17993}
camera.dir_dv={0.0809386,-0.589454,0.285644}
spp=1
exposure=1
gamma=1

[MissProgData]
color0={0.1,0.1,0.1}
color1={1,0,0}

[Misc.]
particleFrame=10
mode=1
colormap="0:{0.054902,0.109804,0.121569,1};0.25:{0.113725,0.392157,0.278431,1};0.5:{0.0823529,0.588235,0.0862745,1};0.75:{0.552941,0.8,0.239216,1};1:{1,0.984314,0.901961,1}"
radiusmap="0:{1,1,1,1};0.381663:{0,0,0,1};1:{1,1,1,1}"
densitymap="0:{1,1,1,1};0.701493:{0,0,0,1};1:{1,1,1,1}"
