[RayGenData]
rbfRadius=6.87119e-05
clampMaxCumulativeValue=1
sigma=4
power=0
particlesPerLeaf=16
ddaDimensions={64,64,64}
visualizeAttributes=1
useDDA=1
showHeatmap=0
disableColorCorrection=0
light.azimuth=0
light.elevation=0
light.ambient=0.5
camera.pos={0.462079,-0.0618425,0.301718}
camera.dir_00={-0.289674,1.01095,-0.334462}
camera.dir_du={-0.0100764,0,0.659923}
camera.dir_dv={-0.543748,-0.37399,-0.0083025}
spp=1
exposure=1
gamma=1

[MissProgData]
color0={0.1,0.1,0.1}
color1={0,0,0}

[Misc.]
particleFrame=5
mode=1
colormap="0:{0,0,0.34902,1};0.25:{0.27451,0.505882,0.639216,1};0.5:{0.980392,0.960784,0.905882,1};0.75:{0.764706,0.298039,0.215686,1};1:{0.34902,0.0705882,0.211765,1}"
radiusmap="0:{1,1,1,1};1:{1,1,1,1}"
densitymap="0:{1,1,1,1};1:{1,1,1,1}"
