[RayGenData]
rbfRadius=0.0205
unit=0.01
clampMaxCumulativeValue=1
sigma=3
power=0
particlesPerLeaf=1
ddaDimensions={1,1,1}
visualizeAttributes=1
useDDA=1
showHeatmap=0
disableColorCorrection=0
light.azimuth=0
light.elevation=0.595
light.ambient=0.5
camera.pos={2.09057,-1.18903,1.54975}
camera.dir_00={-0.530604,0.767596,-0.413891}
camera.dir_du={-0.210032,-0.199967,0}
camera.dir_dv={0.107238,-0.112635,-0.244772}
spp=1
exposure=1
gamma=1

[MissProgData]
color0={0.1,0.1,0.1}
color1={0,0,0}

[Misc.]
particleFrame=79
mode=1
colormap="0.4232:{1,1,1,0.486188};0.4701:{0,0,1,1};0.5114:{0,0.972549,1,1};0.558:{0,1,0.00784314,1};0.6068:{0.996078,1,0,1};0.6454:{1,0,0,1}"
radiusmap="0:{1,1,1,1};0.393258:{1,1,1,1};1:{1,1,1,1}"
densitymap="0:{0,0,0,1};1:{1,1,1,1}"