[RayGenData]
rbfRadius=0.55
unit=1.0
clampMaxCumulativeValue=0
sigma=3
power=0
particlesPerLeaf=1
ddaDimensions={1,1,1}
visualizeAttributes=1
useDDA=1
showHeatmap=0
disableColorCorrection=0
light.azimuth=0
light.elevation=-0.371
light.ambient=0
camera.pos={28.8167,-51.6022,28.3203}
camera.dir_00={-0.316968,0.982082,0.390955}
camera.dir_du={0,0.04047,-0.658758}
camera.dir_dv={0.659944,-0.00856678,-0.00052629}
spp=32
exposure=1.78
gamma=0.98

[MissProgData]
color0={0.1,0.1,0.1}
color1={0,0,0}

[Misc.]
particleFrame=624
mode=1
colormap="0:{0,0,1,1};0.0171:{0,0.972549,1,1};0.0368:{0,1,0.00784314,1};0.0672:{0.996078,1,0,1};0.0807:{1,0,0,1}"
radiusmap="0:{0.471,0.471,0.471,1};0.518207:{1,1,1,1}"
densitymap="0:{0,0,0,1};0.627451:{1,1,1,1};1:{0.874204,0.874204,0.874204,1}"