[RayGenData]
rbfRadius=0.485823
clampMaxCumulativeValue=1
sigma=4
power=0
particlesPerLeaf=16
ddaDimensions={64,64,64}
visualizeAttributes=1
useDDA=1
showHeatmap=0
disableColorCorrection=0
light.azimuth=0
light.elevation=0
light.ambient=0.5
camera.pos={417.201,127.661,26.3971}
camera.dir_00={-1.07898,0.213557,-0.0894344}
camera.dir_du={0.148555,0,0.643064}
camera.dir_dv={0.07349,-0.655676,-0.0169771}
spp=1
exposure=1
gamma=1

[MissProgData]
color0={0.1,0.1,0.1}
color1={0,0,0}

[Misc.]
particleFrame=181
mode=1
colormap="0:{0.231373,0.298039,0.752941,1};0.25:{0.545098,0.678431,0.992157,1};0.5:{0.854902,0.858824,0.858824,1};0.75:{0.94902,0.6,0.478431,1};1:{0.705882,0.0156863,0.14902,1}"
radiusmap="0:{1,1,1,1};1:{1,1,1,1}"
densitymap="0:{1,1,1,1};1:{1,1,1,1}"
