[RayGenData]
rbfRadius=0.225
unit=0.30657
clampMaxCumulativeValue=1
sigma=3
power=0
particlesPerLeaf=1
ddaDimensions={1,1,1}
visualizeAttributes=1
useDDA=1
showHeatmap=0
disableColorCorrection=0
light.azimuth=1
light.elevation=0.065
light.ambient=0.49
camera.pos={-19.8833,-7.77246,3.95822}
camera.dir_00={1.03339,0.0507802,0.383829}
camera.dir_du={-0.240956,0.614443,0}
camera.dir_dv={0.0333741,0.0130877,-0.659026}
spp=1
exposure=1.14
gamma=1

[MissProgData]
color0={0.1,0.1,0.1}
color1={0,0,0}

[Misc.]
particleFrame=54
mode=1
colormap="0:{0.231373,0.298039,0.752941,0.552486};0.25:{0.545098,0.678431,0.992157,1};0.5:{0.854902,0.858824,0.858824,1};0.75:{0.94902,0.6,0.478431,1};1:{0.705882,0.0156863,0.14902,1}"
radiusmap="0:{0.706,0.706,0.706,1};0.485955:{1,1,1,1}"
densitymap="0:{0,0,0,1};1:{1,1,1,1}"